394,880,-47,401,892,-20,407,892,-20,412,891,-21,385,890,-15,381,889,-15,376,888,-15,420,882,97,373,875,122,408,865,-5,389,864,0,470,793,109,332,795,174,549,755,-53,251,764,62,544,847,-228,196,823,-162,551,858,-259,178,838,-210,542,861,-253,189,840,-207,537,856,-230,197,833,-171,416,568,-38,335,577,37,413,401,-101,314,407,-24,400,213,-113,296,220,-38,398,184,-123,315,188,-49,385,157,-283,254,170,-183,
392,881,-71,401,893,-45,407,893,-45,412,892,-45,385,891,-36,381,890,-36,376,889,-36,421,882,63,374,876,105,407,866,-33,387,864,-22,469,793,75,332,796,158,548,760,-88,251,754,73,541,847,-270,199,822,-135,549,858,-304,181,838,-181,538,861,-294,194,842,-183,532,856,-272,202,835,-145,418,568,-46,336,577,45,413,395,-97,314,405,-10,401,213,-85,298,220,4,397,184,-94,316,188,-3,381,158,-250,254,170,-132,
392,882,-77,401,894,-52,407,893,-52,412,893,-52,385,892,-44,381,891,-44,377,890,-44,422,882,52,374,877,89,407,866,-41,387,865,-31,469,793,64,332,796,137,545,762,-93,251,749,69,536,846,-272,200,821,-139,545,856,-305,182,837,-184,531,859,-295,196,842,-186,524,854,-274,205,836,-149,419,568,-45,337,577,45,413,392,-80,314,403,-10,401,213,-64,298,220,2,396,184,-74,316,190,-6,380,159,-225,256,171,-133,
392,883,-82,401,895,-58,407,894,-58,412,894,-58,385,893,-51,381,892,-51,377,891,-51,422,882,45,375,879,76,406,866,-46,386,866,-37,469,794,67,332,797,119,545,759,-85,250,749,44,536,845,-262,201,821,-164,545,856,-295,183,837,-205,532,859,-286,198,843,-211,525,854,-264,206,836,-174,419,568,-37,337,577,37,412,392,-65,314,401,-10,401,213,-46,298,221,-4,396,185,-55,316,191,-12,380,159,-204,258,171,-140,
388,883,-90,399,895,-67,405,894,-67,411,894,-67,384,893,-59,380,892,-59,377,891,-60,422,882,38,375,879,73,404,866,-54,383,866,-44,468,795,62,331,797,122,543,758,-95,249,748,36,537,845,-274,201,821,-185,545,856,-308,183,836,-229,532,859,-297,198,842,-232,526,854,-276,206,836,-194,419,568,-37,338,577,37,412,391,-61,314,400,-9,401,213,-34,298,221,8,395,187,-42,315,191,1,379,159,-194,256,171,-127,
385,883,-85,396,895,-62,403,894,-62,409,894,-62,382,893,-54,378,892,-54,375,891,-54,422,882,41,374,879,77,400,866,-48,380,866,-38,468,796,68,331,797,123,543,757,-90,250,746,40,538,844,-268,202,821,-179,546,855,-302,183,836,-225,532,858,-293,198,842,-225,526,854,-270,206,836,-188,419,569,-34,338,577,34,412,391,-58,315,400,-9,401,213,-38,298,221,1,394,187,-47,315,191,-6,379,159,-197,255,171,-136,
383,883,-85,395,895,-63,402,894,-63,409,894,-63,381,893,-54,377,892,-54,374,891,-54,422,882,41,374,879,81,399,866,-48,379,866,-37,468,796,71,331,797,128,541,756,-89,251,744,48,539,843,-283,203,820,-165,547,855,-317,183,835,-210,535,858,-309,198,842,-216,528,854,-286,206,836,-176,419,569,-34,338,577,34,412,390,-61,314,401,-10,401,213,-39,298,221,1,394,188,-48,315,191,-6,378,159,-203,255,170,-138,
380,883,-95,393,895,-73,400,895,-73,407,894,-73,378,894,-64,375,893,-64,371,892,-64,422,882,28,373,880,73,397,866,-58,377,866,-45,468,798,61,330,798,119,539,758,-102,251,743,39,539,842,-299,202,820,-183,547,855,-335,183,834,-230,535,858,-328,198,842,-237,529,853,-304,206,836,-195,419,568,-33,337,577,32,412,388,-55,314,401,-8,401,213,-19,298,221,15,394,188,-27,315,192,8,377,159,-183,255,170,-123,
379,883,-100,392,896,-81,399,896,-81,406,896,-81,377,895,-71,374,894,-71,371,893,-71,421,883,14,372,882,61,395,867,-66,376,866,-53,468,799,48,329,798,102,539,758,-106,251,743,22,539,842,-292,203,819,-200,548,855,-325,183,834,-246,536,857,-318,198,842,-253,529,853,-295,206,836,-212,419,568,-32,337,576,32,412,385,-48,314,401,-6,402,213,-16,298,221,17,394,188,-25,315,193,10,376,159,-177,255,170,-117,
379,884,-102,391,898,-81,399,898,-81,405,897,-81,377,896,-72,373,895,-72,370,894,-72,421,885,18,371,883,62,394,868,-66,375,868,-53,468,800,52,329,798,107,540,757,-103,251,742,22,539,840,-286,203,819,-204,548,854,-319,183,833,-250,536,857,-311,198,842,-254,529,853,-289,206,836,-214,419,568,-32,337,576,32,412,384,-48,314,401,-4,402,213,-17,299,222,21,394,188,-25,315,194,14,375,159,-178,255,170,-114,
378,885,-99,390,899,-77,398,899,-77,405,898,-77,375,897,-68,372,896,-68,368,895,-68,421,886,25,370,884,66,393,869,-63,374,869,-50,468,800,55,328,798,113,538,758,-105,251,742,33,533,839,-286,203,819,-194,539,853,-319,183,833,-243,530,855,-309,197,842,-246,520,849,-288,206,836,-204,419,568,-34,337,576,34,412,384,-58,314,402,-2,402,213,-17,299,222,18,394,188,-25,315,194,10,374,159,-188,255,170,-119,
378,886,-97,390,900,-75,398,900,-75,404,899,-75,375,898,-66,371,897,-66,367,896,-66,421,887,27,368,885,69,394,869,-60,374,869,-49,468,800,56,328,799,120,537,758,-103,250,743,33,534,839,-284,203,819,-196,540,853,-317,183,833,-244,531,855,-308,197,842,-249,521,850,-286,205,836,-206,419,568,-35,337,576,35,412,385,-65,314,402,-3,402,212,-19,299,222,16,395,187,-27,315,194,8,374,159,-193,253,170,-121,
378,887,-99,390,901,-78,397,900,-78,404,900,-78,375,899,-69,371,897,-69,367,896,-69,420,888,27,367,885,69,394,870,-62,374,870,-50,468,801,56,327,799,119,537,758,-102,250,743,27,534,839,-284,203,820,-208,540,853,-317,183,833,-255,531,856,-308,198,843,-261,522,851,-286,206,837,-219,419,568,-37,337,576,37,412,385,-71,314,402,-3,402,212,-41,299,222,14,395,187,-50,315,194,7,375,159,-208,252,170,-121,
377,887,-101,389,901,-80,396,901,-80,403,901,-80,373,899,-71,369,897,-71,365,896,-71,420,889,23,365,885,68,393,870,-63,374,870,-51,468,801,55,326,799,117,537,758,-102,250,742,27,534,840,-285,203,820,-203,541,854,-318,183,834,-249,531,857,-309,198,843,-254,522,852,-287,206,837,-213,419,568,-39,336,576,39,412,385,-75,314,402,-2,403,212,-60,300,222,14,396,186,-70,315,194,6,375,159,-223,252,171,-123,
377,887,-100,389,901,-79,396,901,-79,403,901,-79,373,899,-69,368,897,-69,364,896,-70,419,890,23,364,885,68,393,870,-62,373,870,-49,468,802,55,326,799,115,537,757,-102,250,742,29,536,840,-283,203,820,-200,543,854,-315,183,835,-243,532,858,-307,198,844,-249,524,852,-286,206,838,-211,418,568,-40,336,576,40,412,385,-77,314,402,-2,403,212,-67,300,222,12,397,186,-77,315,194,4,376,159,-227,252,171,-122,
377,887,-101,389,901,-82,396,902,-82,403,901,-82,373,899,-72,368,897,-72,364,896,-72,419,890,15,364,885,64,393,870,-65,373,870,-51,468,803,54,326,799,107,538,752,-100,250,741,29,538,839,-279,204,820,-192,547,855,-310,185,835,-232,536,858,-302,198,845,-239,528,853,-283,207,838,-202,418,568,-40,336,576,40,412,385,-75,314,402,-1,403,212,-67,300,223,11,397,186,-77,315,194,3,377,159,-226,252,172,-120,
377,886,-101,389,901,-83,396,901,-83,403,901,-83,373,898,-73,368,897,-73,364,896,-73,419,890,12,364,885,60,393,870,-65,373,869,-52,469,803,53,326,799,99,541,750,-97,250,741,26,539,839,-271,206,820,-189,548,855,-299,186,835,-228,537,859,-290,199,844,-235,528,853,-273,208,838,-199,418,568,-38,336,576,38,412,385,-71,314,403,-1,403,212,-65,300,223,3,397,186,-75,315,194,-5,378,159,-222,252,172,-120,
378,885,-100,390,900,-83,397,900,-83,404,900,-83,374,898,-73,370,896,-73,365,895,-73,420,889,15,365,884,60,394,869,-65,374,869,-51,469,801,54,326,799,101,544,743,-88,250,739,26,539,839,-239,207,820,-170,548,856,-264,187,835,-207,537,859,-251,200,845,-210,528,853,-239,209,838,-178,418,567,-38,336,576,38,412,385,-70,313,403,-2,403,212,-66,300,223,0,396,186,-77,315,194,-9,378,159,-222,252,172,-121,
379,882,-99,391,897,-82,398,897,-83,405,897,-83,375,895,-72,370,894,-72,366,893,-72,420,887,16,365,882,61,395,866,-65,374,865,-50,470,799,54,327,798,102,548,740,-86,251,739,42,539,840,-238,208,820,-146,548,857,-265,187,835,-186,537,859,-251,200,845,-189,528,853,-238,209,838,-156,418,567,-40,336,576,39,412,385,-71,313,404,1,403,212,-72,300,223,0,396,186,-82,315,194,-9,379,159,-224,251,172,-118,
380,880,-105,393,894,-86,400,894,-86,406,894,-86,376,893,-77,372,892,-77,367,891,-77,420,884,14,366,880,58,395,863,-70,375,863,-57,470,796,52,327,798,102,549,741,-86,251,739,37,539,840,-242,209,820,-155,548,857,-269,188,835,-196,536,860,-255,201,845,-201,528,853,-241,210,838,-165,418,567,-39,336,577,39,412,385,-71,313,405,1,403,212,-70,300,223,0,396,186,-81,315,194,-9,379,159,-224,251,172,-120,
385,875,-100,397,890,-80,403,889,-80,410,889,-80,380,889,-72,376,889,-72,371,888,-72,421,879,24,369,877,62,398,858,-63,378,859,-52,470,793,62,328,796,110,550,741,-80,252,739,47,538,840,-241,209,820,-147,547,857,-271,189,835,-189,536,860,-256,202,845,-194,528,853,-241,210,838,-158,418,567,-39,337,577,39,412,386,-72,313,406,-4,403,212,-69,300,223,-3,396,186,-79,315,195,-12,379,159,-224,252,172,-129,
390,869,-87,403,883,-64,409,883,-64,415,882,-65,385,884,-58,380,884,-58,376,883,-58,424,872,41,372,874,71,403,854,-49,382,855,-41,470,791,74,328,794,118,552,742,-69,251,739,58,538,840,-231,209,819,-126,547,857,-262,188,835,-168,535,859,-247,202,844,-171,528,853,-231,210,838,-136,418,566,-37,337,577,37,412,386,-70,313,405,-9,403,212,-65,300,223,-6,396,186,-75,314,195,-15,379,159,-221,253,172,-136,
397,860,-69,409,874,-46,416,873,-46,421,872,-47,391,875,-43,385,875,-43,380,875,-43,428,864,58,375,868,74,410,845,-32,388,846,-28,472,785,84,330,790,120,555,741,-55,252,739,59,540,839,-209,209,818,-116,547,857,-240,190,835,-157,535,859,-223,203,844,-159,528,853,-208,211,837,-125,419,566,-36,338,576,36,412,386,-65,314,403,-10,403,212,-65,300,223,-12,396,187,-75,315,194,-22,379,159,-214,253,172,-139,
401,853,-73,413,867,-50,419,866,-50,424,865,-50,395,868,-45,390,868,-45,385,868,-45,430,858,61,379,861,83,414,837,-33,393,837,-27,474,783,90,334,785,137,556,741,-57,253,739,80,542,838,-221,209,818,-103,549,857,-248,190,835,-146,537,859,-234,203,844,-152,531,852,-221,211,837,-114,419,565,-39,339,574,39,412,386,-77,314,402,-11,403,212,-68,300,223,-11,396,187,-77,315,194,-20,378,159,-227,251,172,-139,
405,850,-76,416,864,-53,421,863,-53,427,863,-53,398,865,-48,392,865,-48,387,864,-48,433,856,58,382,857,83,417,835,-36,397,835,-29,476,782,88,339,783,138,555,743,-59,257,740,92,542,837,-247,208,817,-82,548,855,-283,189,833,-123,536,857,-269,201,841,-134,530,850,-249,209,835,-94,421,564,-40,342,574,40,412,385,-83,314,402,-11,403,212,-73,300,223,-9,396,185,-81,315,194,-18,377,159,-232,250,172,-139,
403,846,-77,414,860,-55,420,859,-55,425,858,-55,396,860,-48,391,860,-48,386,860,-48,433,851,55,383,852,92,415,830,-38,395,830,-29,477,777,85,343,779,147,556,746,-61,261,740,116,541,837,-248,208,817,-47,548,855,-284,189,832,-88,536,857,-271,201,841,-97,530,850,-250,209,835,-60,423,564,-40,344,573,40,413,385,-90,315,402,-13,403,212,-77,300,223,-9,395,184,-85,315,193,-17,378,159,-237,250,172,-143,
402,835,-74,413,850,-55,419,850,-55,424,850,-55,395,849,-46,390,848,-46,386,848,-46,433,845,53,385,843,95,415,822,-36,395,822,-22,477,775,84,345,775,150,553,762,-71,264,740,131,539,838,-263,209,816,-14,548,855,-299,189,831,-52,536,856,-290,201,840,-63,528,849,-266,209,833,-26,424,557,-42,345,567,42,413,385,-96,316,399,-13,403,212,-91,299,223,-14,393,184,-100,315,193,-23,380,159,-251,250,172,-152,
402,831,-75,413,846,-59,419,846,-59,424,846,-59,397,844,-49,393,844,-49,389,843,-49,433,841,38,390,839,90,415,818,-36,396,818,-24,478,775,67,348,775,137,550,761,-106,266,743,93,539,838,-316,209,814,-83,551,853,-354,185,829,-116,542,856,-349,198,837,-141,532,849,-322,208,830,-101,424,552,-42,346,561,42,413,384,-100,317,397,-13,403,213,-93,300,223,-9,393,185,-102,316,193,-18,382,159,-256,250,173,-149,
402,822,-88,412,835,-78,418,835,-78,424,835,-78,398,834,-68,394,834,-68,390,834,-68,431,835,14,390,834,67,414,812,-48,398,813,-34,478,776,40,347,776,124,543,762,-163,265,745,12,539,837,-411,209,814,-241,550,848,-458,186,829,-288,542,852,-461,200,837,-301,533,847,-421,209,830,-256,425,549,-44,346,560,44,413,384,-117,317,396,-9,403,214,-108,300,222,-8,393,185,-118,316,192,-18,382,160,-282,249,172,-148,
404,820,-84,415,834,-69,421,835,-69,426,835,-69,400,833,-63,396,833,-63,392,832,-63,434,833,33,392,831,69,417,807,-44,400,807,-33,479,769,66,348,771,123,545,761,-67,260,747,20,542,839,-238,209,814,-135,550,848,-269,189,830,-174,542,853,-262,202,836,-170,533,848,-240,211,829,-141,427,550,-38,348,559,38,413,390,-114,320,404,-24,403,214,-134,300,223,-58,393,186,-144,316,192,-69,382,160,-291,250,172,-189,
406,814,-95,416,828,-80,422,829,-80,427,829,-80,402,826,-76,397,826,-76,393,825,-76,435,828,22,391,825,45,418,802,-53,402,801,-47,480,766,63,348,770,99,554,760,-64,259,747,28,547,840,-218,209,813,-150,552,849,-247,189,829,-188,543,853,-238,202,835,-192,537,849,-219,211,827,-158,428,549,-35,349,557,35,413,396,-125,320,406,-49,403,215,-167,300,224,-102,393,187,-180,315,193,-114,381,161,-323,250,172,-234,
408,810,-66,418,825,-48,423,825,-48,429,826,-48,403,823,-45,398,822,-45,394,822,-45,437,823,54,392,820,67,420,797,-26,403,796,-22,480,761,88,349,767,107,554,753,-33,259,746,51,550,836,-188,209,811,-113,554,847,-216,189,828,-150,545,853,-209,202,833,-155,540,848,-190,211,825,-122,431,547,-30,351,555,31,413,401,-121,320,407,-59,403,216,-165,299,224,-117,393,187,-177,314,193,-130,381,162,-315,250,172,-250,
414,800,-43,420,815,-22,425,816,-22,429,817,-22,407,813,-20,403,812,-20,399,811,-20,436,813,82,394,806,94,423,788,-4,409,787,-1,480,754,102,348,762,135,554,748,-26,259,745,80,549,835,-186,215,811,-82,554,847,-216,193,827,-121,544,853,-210,206,832,-125,540,848,-188,216,825,-91,432,540,-31,352,548,31,413,400,-133,319,407,-73,403,216,-176,299,223,-118,393,186,-188,314,192,-130,382,162,-330,250,172,-249,
413,797,-47,419,808,-27,424,808,-27,429,808,-27,408,808,-25,404,807,-25,401,807,-25,432,805,78,394,802,71,422,785,-7,408,785,-10,476,750,70,348,755,118,550,747,-76,259,742,37,547,833,-244,214,807,-147,554,846,-278,192,825,-183,544,852,-270,206,829,-188,539,846,-246,215,821,-157,432,538,-32,357,547,32,413,399,-162,320,408,-131,403,216,-188,299,223,-148,393,184,-199,314,190,-159,381,166,-356,250,172,-296,
414,790,-66,420,801,-46,424,801,-46,428,801,-46,409,801,-44,406,801,-44,403,800,-45,432,799,63,396,797,64,421,780,-23,408,780,-24,475,749,56,348,754,118,550,745,-86,259,741,49,547,833,-246,212,807,-108,554,844,-280,191,825,-141,544,851,-272,206,830,-147,539,846,-248,215,822,-118,433,533,-37,357,542,37,414,399,-201,320,407,-139,404,216,-246,299,222,-173,396,182,-259,314,189,-185,381,170,-414,250,173,-320,
405,778,-117,413,792,-103,419,793,-103,424,793,-103,399,790,-98,395,789,-98,391,788,-98,430,794,1,383,791,21,416,770,-74,398,770,-69,475,747,37,345,752,80,550,741,-96,257,738,-6,547,831,-246,212,807,-192,553,844,-280,192,825,-236,542,851,-272,207,830,-232,537,845,-249,217,822,-199,437,531,-31,358,538,31,415,398,-169,318,407,-126,404,217,-216,297,222,-179,398,182,-229,314,190,-193,382,170,-374,251,173,-318,
395,764,-167,404,781,-157,411,782,-157,418,783,-157,389,778,-152,385,777,-152,380,777,-153,427,785,-58,372,782,-35,409,757,-126,389,758,-120,473,742,-21,338,748,26,548,739,-191,253,737,-90,542,830,-350,210,807,-285,550,845,-383,191,826,-333,540,850,-371,207,830,-325,533,844,-351,217,822,-292,437,528,-27,357,534,27,416,409,-182,315,409,-154,403,217,-268,297,222,-240,397,182,-283,314,188,-256,386,169,-428,252,173,-387,
386,751,-196,395,768,-189,401,769,-189,409,770,-189,380,767,-183,377,767,-183,373,767,-183,421,775,-91,367,774,-59,400,746,-154,381,746,-145,470,740,-44,334,743,11,548,738,-222,251,733,-113,539,828,-381,210,807,-313,547,844,-413,192,827,-363,536,849,-398,209,831,-353,530,842,-380,217,823,-320,437,525,-27,357,529,28,416,414,-200,315,413,-165,402,216,-292,297,223,-248,397,182,-307,314,189,-263,387,166,-455,253,173,-391,
386,736,-329,394,752,-327,401,753,-327,408,755,-327,379,751,-321,376,752,-321,372,753,-321,419,763,-226,365,762,-195,400,733,-282,381,734,-273,470,736,-152,331,738,-100,552,735,-347,250,728,-203,539,827,-524,208,805,-381,545,844,-561,192,824,-429,534,849,-538,207,829,-425,528,842,-520,216,822,-389,437,522,-28,357,525,28,415,414,-238,314,413,-208,402,216,-328,297,223,-279,397,182,-343,315,189,-293,386,164,-502,253,174,-430,
383,733,-412,391,747,-413,398,749,-413,405,751,-413,377,746,-406,373,747,-407,369,748,-407,416,760,-316,362,758,-282,397,730,-365,378,730,-355,469,734,-228,327,734,-177,554,729,-439,244,728,-303,539,824,-628,199,805,-489,543,842,-667,190,824,-537,531,847,-639,206,828,-530,527,838,-622,212,821,-495,437,521,-28,356,525,28,415,412,-248,312,413,-231,402,214,-320,297,223,-275,399,182,-334,315,189,-286,385,160,-504,257,174,-426,
378,722,-401,386,737,-407,393,739,-406,400,741,-407,370,737,-399,365,738,-399,361,740,-399,411,756,-323,356,754,-283,392,723,-357,373,723,-346,466,736,-226,323,734,-180,554,727,-400,241,725,-289,538,825,-560,195,803,-458,542,842,-591,186,823,-502,529,847,-571,204,826,-495,524,839,-556,209,819,-464,437,522,-26,354,525,26,415,411,-228,311,413,-194,402,214,-299,297,224,-246,399,182,-313,315,192,-258,385,159,-471,259,174,-388,
375,721,-363,382,737,-368,390,739,-368,397,741,-368,365,736,-362,360,738,-363,355,739,-363,409,755,-288,349,751,-260,389,721,-321,369,720,-313,463,737,-205,318,734,-164,554,725,-363,235,724,-277,536,825,-505,192,802,-432,540,843,-532,184,822,-473,527,847,-514,203,826,-460,521,839,-503,208,819,-436,437,523,-25,352,525,25,415,410,-215,309,413,-176,402,214,-304,297,224,-244,400,184,-319,315,192,-258,383,158,-460,258,175,-372,
369,722,-357,377,737,-364,385,739,-364,393,741,-364,358,736,-357,354,737,-357,349,739,-357,406,756,-283,343,751,-245,385,722,-314,363,720,-304,459,740,-190,315,736,-138,551,726,-334,231,725,-263,530,824,-464,192,802,-423,535,843,-500,183,822,-462,522,847,-489,202,827,-446,516,839,-462,208,819,-425,437,522,-27,352,524,27,415,407,-226,306,412,-179,402,214,-308,297,225,-235,400,185,-322,315,193,-247,383,158,-465,252,176,-365,
365,718,-329,373,732,-339,381,734,-339,389,736,-340,354,732,-332,349,734,-332,344,736,-332,402,755,-276,338,751,-239,381,720,-293,359,719,-283,457,746,-187,312,737,-143,551,721,-319,228,724,-262,530,812,-413,193,804,-382,535,835,-424,183,826,-420,521,840,-399,203,829,-426,515,830,-404,210,819,-384,437,523,-28,351,525,28,417,404,-190,304,405,-126,402,214,-237,298,224,-151,400,186,-247,315,192,-160,383,159,-359,250,176,-248,
356,716,-332,363,730,-344,371,732,-344,379,735,-344,345,730,-334,340,732,-334,335,734,-334,393,754,-280,332,752,-229,371,719,-295,350,718,-281,453,751,-176,310,738,-126,551,722,-304,227,724,-238,531,813,-389,192,804,-369,536,835,-403,182,827,-406,522,840,-381,203,829,-413,516,830,-382,209,819,-371,437,524,-31,350,525,31,417,399,-187,301,399,-130,402,213,-230,298,222,-139,399,186,-240,315,192,-146,382,158,-366,248,175,-245,
347,714,-395,355,727,-409,363,730,-409,371,733,-410,336,726,-400,331,727,-400,326,729,-400,387,754,-341,325,750,-295,365,720,-355,342,718,-342,448,756,-222,305,739,-183,550,724,-373,217,724,-328,523,812,-499,192,804,-474,530,834,-518,183,827,-506,515,838,-490,203,829,-484,509,828,-490,210,819,-470,437,530,-30,349,527,30,416,400,-187,299,398,-153,402,213,-224,298,220,-160,398,185,-235,315,190,-169,381,158,-370,248,175,-279,
344,719,-301,352,732,-324,359,734,-324,367,737,-325,334,731,-307,329,733,-307,324,735,-307,383,757,-289,324,753,-223,361,723,-275,339,722,-254,447,765,-191,305,750,-137,550,725,-296,222,725,-268,525,813,-382,192,804,-374,531,835,-395,183,828,-399,516,839,-375,202,829,-379,510,829,-375,209,819,-372,436,535,-34,348,533,34,416,400,-154,300,399,-116,402,214,-189,299,220,-109,398,188,-198,316,190,-115,382,158,-315,248,174,-209,
341,721,-290,349,734,-309,356,737,-309,364,740,-309,331,734,-290,326,736,-291,320,738,-291,380,759,-270,321,755,-181,358,725,-258,336,724,-235,445,768,-138,305,755,-89,544,725,-248,226,724,-150,524,811,-339,195,804,-258,530,833,-354,183,827,-289,515,838,-338,201,828,-280,510,828,-335,208,818,-261,434,539,-35,346,539,35,416,405,-157,300,400,-141,400,215,-205,299,220,-124,395,188,-217,317,190,-137,380,160,-333,248,173,-231,
338,729,-267,345,742,-281,353,745,-281,361,747,-281,328,743,-265,323,746,-265,318,748,-265,377,767,-232,319,763,-155,356,734,-234,333,733,-214,444,771,-114,303,760,-67,541,725,-228,228,724,-170,526,811,-314,196,802,-318,533,833,-326,186,823,-354,517,838,-313,201,826,-324,510,829,-311,209,816,-318,431,543,-34,343,544,34,416,405,-146,300,401,-130,400,216,-187,299,220,-123,395,189,-197,317,190,-132,380,160,-327,248,172,-237,
334,744,-255,342,755,-269,351,758,-269,359,761,-270,324,756,-255,319,758,-255,314,761,-255,375,781,-225,314,774,-153,351,748,-226,327,748,-207,443,778,-118,299,765,-73,538,723,-233,232,723,-196,532,812,-311,199,800,-365,541,833,-317,191,822,-394,524,838,-305,206,825,-369,517,829,-308,212,815,-364,429,547,-34,340,547,34,415,405,-122,300,401,-94,400,216,-134,299,220,-65,395,190,-143,318,192,-71,381,161,-263,248,171,-165,
332,757,-219,340,770,-226,348,772,-226,357,776,-226,322,771,-213,317,773,-213,312,775,-213,372,795,-160,312,786,-97,348,759,-183,325,759,-166,438,784,-67,296,768,-20,531,724,-187,240,723,-150,532,812,-278,206,798,-339,539,833,-289,192,819,-370,524,838,-277,206,824,-356,517,829,-276,212,814,-343,429,549,-34,339,550,34,415,396,-99,300,400,-43,400,216,-93,300,220,-3,394,190,-99,318,192,-7,383,160,-230,248,172,-108,
329,779,-185,337,791,-191,345,794,-191,353,797,-192,321,791,-178,316,792,-178,312,794,-178,367,813,-121,312,803,-57,344,779,-148,324,778,-130,436,790,-33,296,775,7,524,724,-178,245,723,-119,534,811,-320,209,798,-320,547,832,-329,196,818,-354,532,838,-289,206,824,-347,524,829,-313,213,814,-326,426,551,-35,338,553,35,415,389,-97,300,399,-22,400,216,-96,300,222,-3,395,190,-103,318,193,-8,383,160,-232,248,172,-107,
326,789,-167,335,802,-168,342,806,-168,349,809,-168,318,801,-160,314,802,-160,309,803,-160,362,822,-80,310,812,-40,341,787,-124,320,786,-113,432,792,1,292,779,11,517,731,-157,246,727,-140,537,812,-329,213,799,-383,551,833,-347,200,819,-421,541,839,-317,210,827,-413,531,832,-328,216,819,-388,422,553,-28,335,554,28,415,387,-90,299,399,-47,400,216,-90,300,222,-24,395,190,-98,318,193,-29,384,160,-236,248,173,-135,
323,807,-163,332,820,-163,339,823,-163,346,826,-163,316,819,-155,311,819,-155,307,820,-155,360,835,-67,308,826,-29,338,803,-117,318,802,-106,428,798,17,289,785,27,514,734,-148,251,728,-153,538,812,-334,215,799,-427,552,833,-355,200,817,-471,543,839,-330,210,827,-469,533,831,-335,216,818,-436,419,555,-27,332,556,27,414,384,-81,299,398,-35,400,216,-79,300,222,-16,396,190,-87,318,193,-21,384,160,-230,249,173,-131,
319,809,-175,329,825,-184,336,827,-184,344,830,-184,313,823,-158,308,824,-159,304,824,-159,359,839,-107,306,830,-69,334,802,-152,314,802,-135,426,799,-11,286,786,-2,513,735,-179,250,734,-254,541,812,-387,214,800,-559,559,831,-416,200,819,-609,550,838,-412,210,828,-608,539,831,-393,215,819,-569,415,555,-28,329,556,28,413,381,-77,299,395,6,400,215,-58,301,222,52,398,190,-66,318,193,49,383,160,-213,248,173,-56,
318,809,-254,326,824,-259,333,827,-259,341,831,-259,311,823,-248,306,825,-248,301,826,-248,357,844,-142,303,833,-108,333,804,-202,314,804,-190,426,804,-32,282,794,-31,511,735,-197,249,735,-262,541,810,-437,212,800,-546,559,829,-469,199,818,-593,549,837,-465,208,829,-591,538,830,-443,214,820,-555,415,554,-27,329,555,27,411,384,-73,299,395,-23,401,220,-33,301,222,17,397,196,-38,318,193,14,383,163,-183,250,174,-99,
319,809,-286,328,826,-287,335,829,-287,342,833,-287,312,825,-279,308,826,-279,303,828,-280,357,846,-165,304,836,-134,334,806,-230,316,805,-220,426,806,-36,281,793,-59,508,735,-224,249,734,-278,540,811,-467,213,802,-549,557,829,-504,199,821,-596,548,839,-496,208,834,-592,537,832,-472,214,824,-556,415,554,-26,328,555,26,410,385,-81,299,396,-19,401,221,-37,301,222,29,396,196,-41,318,193,27,384,163,-190,252,174,-92,
321,819,-285,328,839,-285,335,841,-285,342,844,-285,313,837,-277,309,838,-277,304,838,-278,355,853,-166,305,843,-130,335,813,-229,317,812,-218,426,807,-39,280,793,-48,509,735,-223,250,729,-262,540,811,-466,213,801,-517,556,829,-508,199,820,-566,546,839,-504,206,834,-567,536,832,-474,213,824,-526,415,555,-29,328,556,29,410,386,-88,299,397,-17,401,221,-48,301,223,34,394,195,-52,318,193,32,384,163,-202,251,174,-87,
320,823,-265,326,843,-266,332,846,-266,338,849,-266,313,841,-254,309,841,-254,305,842,-254,354,857,-153,306,847,-99,335,818,-211,318,816,-195,427,809,-35,281,797,-17,510,734,-222,251,720,-174,540,811,-479,212,800,-443,558,830,-523,197,820,-495,548,841,-521,202,834,-505,538,833,-487,211,824,-455,414,555,-31,327,556,31,410,381,-75,298,395,6,400,220,-33,300,223,48,390,195,-38,318,193,45,384,161,-178,251,173,-66,
320,825,-263,324,844,-263,330,848,-264,336,851,-264,313,842,-253,309,842,-253,305,843,-253,352,859,-148,306,850,-94,334,821,-210,318,819,-194,427,810,-30,282,799,-3,511,733,-217,254,719,-167,540,812,-469,212,800,-461,557,833,-512,196,819,-515,549,843,-509,199,832,-525,539,835,-477,208,824,-475,413,555,-39,328,557,40,410,384,-90,298,399,-2,400,219,-53,300,223,45,391,194,-59,317,193,42,383,160,-198,251,173,-72,
320,834,-235,325,854,-234,331,857,-234,337,860,-235,313,852,-223,310,852,-223,306,853,-223,352,865,-133,306,856,-75,335,828,-187,319,825,-170,428,810,-27,282,799,8,511,731,-188,258,712,-106,539,813,-419,213,799,-348,557,834,-457,196,816,-389,548,844,-453,200,830,-396,539,836,-425,208,823,-358,413,555,-41,327,557,41,409,385,-92,298,401,-6,400,219,-58,301,224,37,391,194,-63,317,193,35,383,160,-200,251,173,-68,
325,833,-263,329,853,-259,334,856,-259,338,858,-259,317,851,-250,314,851,-250,310,852,-250,353,863,-135,309,854,-87,338,827,-207,323,824,-194,428,810,-31,283,798,0,512,731,-211,257,712,-141,538,816,-478,214,801,-429,556,836,-525,196,816,-481,546,846,-517,200,829,-490,537,838,-483,209,822,-442,412,555,-41,327,557,41,409,385,-96,297,401,-11,400,219,-54,301,224,42,392,193,-59,317,193,41,384,161,-204,251,173,-72,
324,831,-236,329,850,-234,334,853,-234,339,856,-234,316,848,-224,313,849,-224,310,849,-224,354,863,-124,309,853,-74,338,824,-185,323,822,-170,429,810,-22,283,798,1,510,731,-207,256,713,-146,535,817,-455,214,802,-388,551,836,-495,196,816,-429,541,846,-475,200,828,-429,533,838,-455,209,821,-396,413,555,-40,327,557,40,409,385,-90,297,401,-13,400,220,-50,300,224,34,393,193,-55,317,193,31,385,162,-193,251,173,-81,
323,831,-237,328,851,-236,334,854,-236,340,857,-236,316,849,-226,313,849,-225,309,850,-226,354,864,-130,310,854,-80,338,824,-187,322,823,-173,431,809,-29,284,798,0,511,730,-212,256,714,-145,536,816,-448,213,803,-396,551,836,-486,195,817,-439,541,844,-471,197,827,-441,533,837,-449,207,820,-406,413,555,-41,327,557,41,409,389,-96,297,401,-8,400,220,-56,300,224,34,394,193,-60,317,194,31,384,162,-195,251,173,-74,
321,831,-242,327,851,-243,333,854,-243,339,858,-243,314,849,-228,311,849,-228,308,850,-228,354,865,-143,310,855,-83,337,824,-195,321,823,-175,433,810,-44,286,799,-2,511,730,-244,256,714,-147,535,816,-482,212,804,-421,550,835,-523,192,818,-467,540,843,-511,195,827,-471,532,835,-485,205,820,-432,414,555,-42,328,557,42,409,388,-94,298,400,7,400,220,-56,300,224,43,394,193,-61,317,194,39,384,163,-197,250,173,-63,
319,832,-243,326,853,-242,332,856,-242,339,859,-242,313,850,-229,311,851,-229,308,851,-229,354,865,-141,310,855,-81,337,825,-195,320,824,-176,433,809,-43,286,798,-4,512,730,-238,256,714,-151,535,815,-475,212,804,-417,550,833,-516,192,818,-463,539,841,-505,195,827,-466,531,833,-479,205,820,-427,414,553,-40,328,556,40,410,388,-91,299,399,4,400,219,-54,300,224,40,392,193,-59,317,194,37,385,163,-191,250,173,-66,
319,832,-242,325,853,-240,332,855,-240,339,859,-240,313,850,-228,310,850,-228,308,851,-228,355,864,-137,310,854,-80,337,824,-194,320,824,-177,434,809,-42,287,798,-8,514,730,-236,256,715,-160,535,815,-479,212,804,-418,549,833,-522,193,818,-464,537,840,-508,195,827,-466,529,832,-482,205,820,-428,414,552,-38,329,555,38,410,388,-91,303,399,0,400,219,-55,300,225,41,392,193,-60,316,195,38,386,163,-193,252,174,-63,
318,834,-243,325,854,-240,332,856,-240,339,859,-241,313,851,-229,310,851,-229,307,852,-229,355,864,-137,311,855,-80,336,825,-197,320,824,-178,434,809,-46,288,798,-8,516,730,-249,256,716,-161,534,815,-499,212,804,-421,549,833,-545,193,818,-469,537,840,-532,195,827,-472,528,831,-503,205,820,-431,416,552,-41,331,554,41,410,388,-98,305,399,22,400,219,-66,300,225,71,392,193,-72,316,196,69,386,163,-208,252,174,-32,
318,834,-255,325,854,-250,332,857,-251,339,860,-251,312,852,-238,310,852,-238,307,852,-239,356,865,-144,311,855,-85,336,825,-208,320,824,-190,435,809,-54,288,798,-20,517,730,-268,256,719,-191,534,815,-524,212,804,-459,549,833,-570,193,819,-506,537,840,-556,196,827,-508,528,832,-527,206,819,-469,418,551,-41,333,553,41,410,388,-99,307,398,22,400,220,-66,300,225,77,392,193,-71,316,197,75,387,164,-207,252,174,-25,
318,834,-297,325,855,-293,332,858,-293,339,861,-293,312,852,-281,309,852,-281,306,852,-281,358,866,-174,311,855,-113,337,825,-245,320,824,-227,436,808,-71,289,798,-30,518,731,-297,256,723,-215,535,816,-576,213,804,-516,551,834,-628,193,819,-567,538,841,-614,196,827,-570,529,833,-579,208,819,-527,419,551,-44,335,553,44,410,388,-105,310,398,19,402,222,-62,300,228,91,396,194,-67,315,199,91,386,166,-207,252,178,-17,
318,835,-339,325,855,-333,332,858,-333,339,862,-334,312,852,-321,309,852,-320,306,852,-321,358,867,-207,311,854,-143,337,825,-283,320,824,-265,436,808,-91,290,798,-38,518,731,-309,258,722,-214,537,817,-601,213,804,-540,553,836,-658,193,819,-598,540,842,-649,197,827,-605,531,835,-606,208,819,-553,420,552,-50,336,553,50,411,394,-131,313,399,48,404,225,-89,300,231,150,398,195,-95,316,202,152,386,170,-254,252,180,36,
318,835,-322,325,856,-319,332,859,-319,339,863,-319,312,852,-307,310,852,-307,307,852,-307,358,868,-200,311,855,-141,338,826,-269,320,825,-252,437,808,-83,290,798,-41,519,729,-288,259,721,-207,539,817,-563,214,804,-507,556,836,-616,195,819,-560,543,844,-606,197,827,-565,534,836,-568,209,819,-519,420,552,-49,336,553,49,411,394,-128,314,399,42,405,228,-77,300,232,123,400,197,-83,316,204,124,387,171,-248,257,181,12,
318,836,-325,325,857,-322,332,860,-322,339,864,-322,312,853,-310,310,853,-310,307,853,-310,358,869,-201,312,855,-143,339,827,-272,321,826,-255,438,808,-83,290,798,-43,519,729,-284,259,721,-204,539,817,-566,213,803,-507,556,837,-621,194,819,-561,544,845,-613,197,827,-569,534,837,-572,209,819,-520,420,553,-49,336,553,49,412,396,-122,315,399,47,407,230,-76,300,234,141,401,199,-81,316,206,142,387,174,-239,259,183,28,
319,841,-329,325,861,-325,332,864,-325,339,867,-325,313,857,-315,311,857,-314,308,857,-315,358,871,-203,312,859,-150,339,832,-275,321,829,-260,437,809,-86,290,798,-45,519,729,-283,260,719,-203,540,817,-566,213,802,-511,557,837,-622,194,819,-565,546,845,-615,197,827,-576,536,838,-573,207,819,-525,419,554,-48,336,554,49,412,397,-119,315,400,45,407,231,-71,300,235,141,402,199,-76,316,207,143,387,175,-234,260,183,27,
319,845,-318,326,865,-314,332,868,-314,340,870,-314,313,861,-303,311,861,-303,308,861,-303,358,873,-197,312,861,-141,339,834,-265,321,832,-249,437,809,-82,289,799,-43,519,729,-280,257,722,-206,542,817,-561,210,802,-517,559,837,-615,193,819,-572,549,845,-608,196,827,-579,540,838,-567,206,819,-530,419,554,-48,336,554,48,412,397,-110,315,399,51,407,231,-57,300,235,149,402,199,-62,315,207,151,386,176,-217,260,183,38,
319,847,-304,326,868,-299,332,870,-299,340,873,-299,313,863,-288,310,863,-288,307,863,-288,358,874,-185,312,863,-129,338,837,-253,320,834,-237,438,809,-76,288,800,-40,519,729,-272,256,722,-203,544,817,-547,208,802,-516,560,837,-600,191,819,-568,551,845,-597,195,827,-576,542,838,-555,205,819,-529,419,554,-45,336,554,45,412,394,-75,314,399,49,407,230,-9,300,235,136,402,199,-13,315,207,137,386,175,-156,261,183,28,
318,849,-311,325,870,-305,332,872,-305,340,874,-305,312,865,-295,309,865,-295,306,864,-295,359,876,-186,311,864,-136,338,839,-258,319,836,-244,437,810,-78,286,801,-50,518,729,-282,254,723,-228,544,816,-566,207,802,-529,560,836,-619,191,819,-583,551,845,-611,196,827,-586,542,838,-572,206,820,-540,419,554,-41,335,553,42,412,393,-79,314,400,47,407,230,-12,300,235,133,402,199,-15,315,207,134,385,176,-160,261,183,26,
317,850,-302,325,870,-297,332,873,-297,340,875,-297,312,866,-288,308,866,-288,305,865,-288,359,877,-182,311,865,-134,336,840,-252,318,837,-240,437,810,-78,284,801,-48,517,729,-281,253,724,-225,543,816,-559,206,802,-518,560,835,-608,191,819,-570,551,844,-595,196,827,-575,541,837,-562,206,820,-529,419,554,-41,335,553,41,412,395,-78,314,399,38,407,231,-9,300,235,112,402,200,-12,315,207,113,385,176,-145,259,182,16,
318,851,-300,327,872,-292,335,875,-292,342,877,-292,312,868,-285,309,867,-285,305,867,-285,359,878,-173,310,866,-134,338,841,-248,318,838,-240,436,810,-78,282,801,-54,515,729,-279,252,728,-241,541,816,-557,204,802,-518,559,835,-603,191,820,-567,550,844,-586,196,829,-569,541,837,-558,206,821,-527,418,554,-38,334,553,39,412,395,-80,314,400,37,407,232,-14,300,235,113,401,201,-17,315,207,114,387,177,-152,259,182,16,
319,855,-334,327,875,-326,335,878,-326,342,880,-326,312,871,-319,309,870,-319,305,870,-319,359,881,-194,310,869,-160,338,844,-277,318,840,-268,435,810,-90,280,801,-63,514,729,-290,249,729,-254,541,816,-566,203,802,-563,559,835,-617,191,820,-616,550,844,-605,196,829,-618,540,837,-570,205,821,-573,417,554,-40,332,553,40,412,395,-73,312,400,71,407,232,8,300,235,188,401,201,6,315,207,192,387,176,-140,258,182,82,
319,856,-328,328,877,-324,335,880,-324,343,882,-324,312,873,-314,309,872,-314,305,872,-314,359,883,-188,309,870,-156,338,846,-275,318,842,-262,435,810,-86,279,801,-58,512,729,-281,249,727,-253,541,816,-553,203,801,-542,559,835,-603,191,819,-594,550,845,-592,196,828,-597,540,837,-558,205,821,-553,416,554,-41,330,553,41,411,393,-87,309,400,60,407,230,-22,300,234,161,401,201,-26,315,206,164,387,175,-170,253,182,57,
318,859,-322,327,879,-318,334,882,-318,342,884,-318,311,874,-309,308,874,-309,304,873,-309,359,884,-187,309,871,-155,338,848,-269,318,844,-256,435,810,-85,279,801,-57,511,728,-280,249,725,-249,541,817,-552,203,801,-534,559,836,-602,191,819,-586,550,845,-591,196,828,-588,540,838,-557,205,821,-544,416,554,-42,330,553,42,411,393,-80,306,399,57,406,228,-11,300,234,159,401,200,-15,316,206,162,387,172,-163,253,181,55,
318,861,-297,327,881,-290,334,883,-290,342,886,-290,311,876,-280,308,876,-280,304,875,-280,359,885,-173,309,873,-128,337,850,-248,318,846,-234,435,810,-82,279,801,-50,510,728,-274,249,722,-233,540,817,-534,203,801,-527,559,836,-583,191,819,-582,550,845,-576,196,828,-583,540,838,-540,205,820,-537,414,554,-42,327,553,43,410,392,-70,302,397,55,405,226,2,300,230,154,401,199,0,316,202,156,387,167,-142,252,178,52,
318,865,-297,327,886,-291,334,888,-291,342,889,-291,311,881,-281,307,881,-281,304,880,-281,359,888,-172,309,877,-120,336,853,-248,317,850,-234,435,811,-81,279,801,-32,509,728,-269,250,719,-199,539,817,-534,203,800,-520,559,836,-584,190,817,-580,549,845,-577,196,827,-581,539,838,-541,205,820,-531,413,554,-47,325,554,47,408,392,-73,299,396,54,405,222,1,300,226,151,401,195,-1,316,197,155,384,164,-149,250,176,39,
318,867,-312,327,888,-304,335,890,-304,342,891,-305,311,884,-292,308,883,-292,304,883,-292,360,889,-182,309,879,-121,336,855,-261,317,852,-244,435,811,-87,279,802,-33,509,728,-293,250,719,-200,537,817,-579,203,799,-549,558,836,-636,190,815,-614,548,845,-629,197,827,-616,537,837,-586,205,820,-561,410,552,-49,323,552,49,407,383,-44,294,393,57,403,219,65,300,223,180,401,193,66,316,195,185,383,162,-88,250,174,69,
318,870,-306,327,890,-296,335,892,-296,343,893,-296,312,886,-283,308,886,-283,305,885,-284,361,891,-176,309,881,-115,336,857,-257,317,854,-239,434,811,-86,279,802,-31,509,728,-288,250,719,-198,537,817,-563,202,800,-536,558,836,-618,190,816,-607,548,845,-613,197,829,-602,537,838,-570,205,822,-547,409,552,-50,322,552,50,405,381,-47,293,393,56,402,219,56,299,223,169,400,193,56,316,195,173,381,161,-95,250,174,60,
318,873,-323,329,893,-311,337,894,-311,344,895,-311,313,889,-298,310,888,-298,306,887,-298,362,892,-183,310,883,-119,337,859,-271,317,856,-253,434,811,-90,279,802,-32,509,728,-298,250,718,-206,537,817,-588,203,805,-558,558,837,-647,190,820,-625,547,845,-639,197,833,-623,537,838,-595,205,826,-569,408,552,-52,320,552,52,405,380,-40,291,390,58,402,219,83,299,222,202,401,192,85,316,195,209,381,161,-75,250,172,87,
320,875,-337,332,896,-324,340,897,-324,346,898,-324,316,892,-312,312,891,-312,308,890,-312,363,894,-193,312,885,-129,339,862,-284,318,859,-266,435,811,-99,279,802,-32,509,728,-303,251,717,-207,538,817,-590,204,805,-573,558,837,-649,191,821,-641,547,845,-642,198,834,-641,537,838,-597,207,827,-585,406,552,-60,318,552,60,403,378,-43,288,389,80,401,217,72,299,222,248,401,191,73,316,195,256,377,158,-95,249,172,133,
321,876,-360,333,896,-348,340,898,-348,347,899,-348,316,892,-336,312,892,-336,309,891,-336,363,895,-214,312,886,-153,339,862,-304,318,859,-287,435,811,-116,279,803,-43,510,728,-317,247,718,-236,540,817,-600,203,805,-607,559,837,-658,190,821,-677,548,846,-651,198,834,-675,537,838,-606,207,827,-618,403,552,-62,315,552,62,401,379,-42,285,389,76,401,216,75,299,221,246,402,190,77,318,195,255,377,155,-94,249,172,135,
322,878,-290,335,898,-277,342,900,-277,348,901,-277,318,894,-267,314,894,-267,310,893,-267,364,896,-159,313,887,-107,341,865,-242,319,862,-227,435,811,-84,280,803,-19,510,727,-266,248,718,-179,539,817,-522,203,803,-500,558,836,-572,190,819,-560,546,846,-564,198,833,-561,536,838,-527,207,826,-511,401,552,-61,315,553,61,400,379,-47,286,391,33,401,215,57,298,221,151,403,188,57,318,195,155,377,155,-102,249,172,45,
324,880,-297,336,900,-286,343,902,-286,350,902,-286,319,896,-275,314,895,-275,311,895,-275,365,897,-162,313,889,-112,342,866,-247,319,863,-233,435,811,-80,280,803,-23,510,726,-271,248,718,-181,538,817,-531,203,803,-523,558,836,-582,190,819,-586,544,846,-578,198,833,-585,534,838,-538,207,826,-533,401,552,-58,314,553,58,400,380,-35,286,392,36,401,215,83,298,221,156,402,189,84,318,195,157,382,153,-75,251,171,51,
324,882,-302,336,902,-287,343,903,-287,350,904,-287,318,898,-278,314,897,-278,311,896,-278,365,898,-166,313,890,-116,342,867,-249,319,864,-238,435,811,-81,279,804,-30,509,726,-278,248,717,-209,536,817,-554,205,802,-563,557,836,-610,190,819,-629,543,846,-604,199,833,-631,533,838,-561,207,826,-575,401,552,-54,313,554,54,400,380,-33,287,393,36,401,214,85,299,220,162,402,188,86,321,195,165,382,152,-76,253,171,55,
323,884,-300,336,905,-286,343,906,-286,350,906,-286,318,901,-278,314,900,-278,311,899,-278,366,900,-160,313,892,-116,342,869,-248,319,866,-236,435,812,-75,278,805,-32,509,726,-279,248,716,-219,535,818,-555,206,801,-559,555,836,-610,191,818,-623,542,846,-599,200,832,-625,531,839,-561,209,825,-571,401,552,-49,312,554,49,400,380,-27,286,394,12,401,215,96,299,221,161,402,188,97,322,196,167,384,152,-61,259,171,56,
323,885,-300,336,906,-287,343,907,-287,350,908,-287,318,902,-279,314,900,-279,310,899,-279,366,901,-159,313,893,-118,342,870,-248,319,867,-237,435,814,-73,278,806,-36,509,726,-279,247,717,-233,536,818,-554,206,800,-575,556,836,-608,192,816,-637,542,847,-597,200,832,-639,532,840,-560,209,825,-587,401,553,-43,312,556,43,401,380,-13,286,396,15,401,215,114,299,221,164,402,188,116,322,196,170,384,153,-42,265,170,58,
324,887,-293,337,908,-279,345,909,-279,352,909,-279,318,903,-273,314,902,-273,310,901,-273,367,903,-150,312,894,-117,343,871,-241,319,868,-232,434,814,-67,278,806,-39,509,727,-272,245,718,-238,537,819,-541,206,799,-575,556,838,-591,192,816,-637,544,848,-580,200,832,-637,534,840,-546,209,825,-587,401,553,-39,312,556,39,401,379,2,285,396,15,401,215,133,299,221,165,402,189,135,322,197,172,384,153,-19,266,170,59,
324,889,-296,337,909,-283,345,910,-283,352,910,-283,319,905,-275,314,904,-275,311,903,-275,367,903,-154,312,896,-118,343,873,-244,319,870,-233,434,815,-69,278,808,-43,509,728,-281,245,718,-249,537,822,-558,206,801,-596,556,841,-611,192,817,-661,545,851,-599,201,834,-661,535,843,-563,209,829,-608,401,553,-39,312,556,38,402,377,0,285,395,18,400,214,140,298,221,175,402,189,144,321,197,184,383,153,-15,266,170,65,
324,890,-294,337,911,-282,345,912,-282,352,912,-282,319,908,-273,314,907,-273,310,906,-273,367,906,-155,312,899,-113,343,874,-243,319,872,-231,434,817,-70,279,809,-29,510,728,-281,245,719,-214,537,823,-553,205,803,-556,557,842,-605,192,820,-619,545,851,-594,200,837,-617,534,843,-558,207,832,-566,400,553,-43,312,556,43,402,376,-7,285,394,23,400,214,123,298,221,181,402,189,125,321,197,190,381,153,-33,266,170,73,
325,891,-342,337,912,-328,345,913,-328,352,914,-328,319,909,-317,314,908,-317,311,907,-317,367,908,-185,313,901,-134,343,876,-284,320,873,-270,434,819,-90,280,811,-30,510,728,-301,245,721,-224,540,823,-597,203,805,-618,560,842,-658,189,822,-690,550,852,-654,198,838,-695,540,845,-605,204,832,-632,400,555,-47,312,558,47,402,376,-8,285,394,37,400,211,141,297,221,220,402,187,144,321,197,229,380,153,-32,266,170,93,
324,894,-338,337,915,-322,344,916,-322,352,916,-322,319,911,-315,314,911,-315,311,910,-315,367,911,-182,314,905,-130,343,878,-280,320,876,-268,434,821,-89,280,816,-28,510,728,-288,247,721,-222,543,824,-564,203,809,-599,563,843,-617,189,826,-667,554,854,-614,197,840,-669,543,846,-571,204,835,-612,401,556,-46,312,559,46,402,375,-3,285,393,37,400,211,140,297,221,209,402,187,143,320,197,218,380,153,-24,265,170,90,
324,898,-345,337,919,-332,345,920,-332,353,920,-332,319,916,-323,314,915,-323,311,915,-323,368,916,-190,314,910,-145,344,881,-288,320,879,-275,434,825,-91,279,820,-48,510,731,-292,242,726,-275,543,826,-568,194,810,-671,564,845,-621,184,828,-741,556,856,-617,194,841,-743,544,849,-575,199,836,-685,400,557,-43,312,560,43,403,376,9,285,393,50,400,211,158,297,221,222,401,187,162,320,197,230,380,153,-9,265,170,100,
325,902,-366,337,922,-352,345,923,-352,353,924,-352,319,920,-341,315,919,-341,311,919,-341,369,920,-204,314,914,-151,344,885,-307,321,883,-291,435,830,-95,280,824,-47,510,735,-297,243,726,-266,546,830,-600,194,812,-649,566,849,-662,186,830,-723,557,858,-661,195,845,-727,546,852,-610,201,839,-663,400,561,-44,312,565,44,403,379,9,286,395,62,400,212,172,296,221,240,400,187,176,319,197,248,382,153,-7,264,170,103,
327,906,-344,339,926,-328,347,927,-328,355,928,-328,320,924,-321,316,924,-320,312,924,-320,370,924,-181,314,918,-142,345,889,-284,322,888,-273,435,833,-75,279,828,-39,508,737,-253,243,726,-230,546,832,-535,195,811,-613,567,851,-589,187,830,-683,559,862,-591,195,845,-692,548,855,-546,201,839,-628,398,563,-40,310,568,40,403,383,5,287,396,61,399,213,155,296,221,227,399,189,159,320,197,229,382,152,-16,264,169,81,
328,909,-302,340,928,-286,348,929,-286,356,930,-287,321,926,-279,317,926,-279,313,926,-279,371,927,-151,316,921,-117,346,892,-247,324,891,-237,435,837,-63,279,829,-25,506,740,-241,243,730,-213,545,835,-509,196,812,-568,567,854,-559,187,832,-632,558,864,-559,196,847,-633,547,856,-518,201,841,-579,397,569,-41,310,572,41,402,391,-21,288,400,54,399,213,94,298,221,172,399,189,94,322,196,173,383,152,-75,260,169,41,
329,913,-322,341,931,-303,348,932,-303,357,933,-303,322,929,-294,317,928,-294,314,928,-294,371,929,-156,316,923,-118,347,896,-261,324,894,-250,435,840,-62,279,832,-20,506,742,-237,242,735,-216,545,841,-510,196,817,-606,567,859,-563,188,838,-677,559,869,-566,197,853,-682,547,861,-521,202,846,-620,396,574,-42,309,578,42,402,400,-31,291,408,61,399,213,87,298,222,177,398,188,86,322,196,182,382,155,-100,260,171,42,
329,915,-301,341,934,-284,348,935,-284,356,936,-284,322,932,-275,318,932,-275,314,931,-275,371,933,-143,316,927,-100,347,899,-244,324,897,-231,435,843,-46,279,836,0,506,745,-198,241,739,-179,545,843,-448,198,825,-550,567,862,-495,189,846,-616,558,874,-497,199,860,-618,547,865,-458,205,853,-562,396,580,-47,309,585,47,400,402,-63,291,414,67,397,213,19,298,222,180,396,188,14,322,196,184,382,154,-173,255,171,43,
329,917,-234,341,936,-217,348,937,-217,356,937,-217,322,934,-209,318,933,-209,314,933,-209,371,934,-87,317,928,-48,347,901,-182,324,900,-171,435,845,-6,280,839,33,506,751,-148,242,745,-133,545,845,-364,201,834,-462,567,864,-403,190,855,-520,558,876,-403,199,871,-522,546,867,-372,205,862,-474,394,581,-47,308,588,47,400,403,-91,289,422,-9,396,213,-24,298,223,85,394,189,-29,321,196,86,382,154,-202,255,173,-39,
330,918,-265,341,937,-246,349,938,-246,357,939,-247,323,934,-242,319,934,-242,315,934,-242,372,935,-104,319,929,-67,348,903,-198,325,901,-195,435,847,-27,281,840,17,506,753,-186,247,749,-164,544,846,-448,204,830,-516,567,864,-502,190,851,-578,557,876,-511,199,866,-572,545,868,-460,205,858,-526,394,582,-42,307,589,41,402,401,-68,282,427,-39,396,213,28,297,229,99,393,189,27,320,200,104,386,154,-148,257,175,-34,
330,917,-287,342,937,-273,349,938,-273,357,939,-273,323,934,-272,319,934,-272,315,933,-272,372,935,-119,318,929,-107,348,903,-217,325,901,-219,436,850,-42,281,844,-29,506,757,-269,242,778,-260,545,846,-568,196,829,-625,574,863,-623,184,849,-691,563,875,-629,188,864,-701,548,867,-581,198,856,-643,395,582,-32,305,589,32,404,400,-66,275,428,-17,397,213,37,296,241,171,393,190,33,320,212,179,387,153,-159,257,179,44,
330,917,-262,342,937,-253,349,938,-253,357,939,-253,323,934,-247,319,934,-247,315,934,-247,372,936,-125,318,930,-94,348,903,-208,325,901,-199,437,851,-41,281,845,-24,506,756,-231,242,766,-241,545,849,-466,200,829,-541,573,867,-504,186,848,-598,562,878,-504,192,864,-597,548,869,-474,201,856,-552,395,583,-32,303,591,32,405,400,-84,270,427,-6,398,213,-34,295,247,173,395,190,-41,320,217,180,385,152,-215,243,190,76,
329,918,-238,341,938,-230,349,939,-230,357,940,-230,322,935,-222,318,935,-222,314,935,-222,372,937,-113,317,930,-73,347,903,-188,324,902,-177,438,852,-18,280,846,-12,505,755,-170,241,761,-174,548,849,-389,200,833,-443,579,866,-422,186,851,-493,569,877,-426,192,867,-495,552,869,-399,201,860,-454,395,583,-32,302,590,32,408,400,-90,267,425,1,398,213,-60,289,244,142,394,190,-69,315,215,145,387,151,-235,230,188,49,
327,918,-247,339,938,-234,348,940,-234,356,941,-234,319,936,-228,314,935,-228,309,935,-228,371,939,-106,310,930,-74,346,903,-193,322,901,-184,438,853,-15,274,847,-12,503,754,-192,231,773,-179,548,849,-430,198,842,-483,578,865,-466,182,865,-534,567,877,-466,191,874,-537,552,869,-438,197,866,-495,395,583,-30,300,590,30,409,402,-78,265,424,-6,398,216,-13,276,238,68,394,194,-19,300,206,65,388,151,-191,220,177,-59,
322,918,-237,334,938,-222,343,940,-222,352,942,-222,316,935,-216,312,935,-216,308,935,-216,370,939,-86,310,930,-50,341,903,-181,319,901,-171,437,852,-3,273,849,4,500,756,-208,217,783,-202,547,849,-499,195,845,-533,576,865,-547,180,865,-596,566,877,-553,190,875,-599,550,868,-511,195,865,-546,395,583,-30,297,590,30,409,401,-77,265,412,2,398,216,-1,263,210,48,394,194,-7,282,176,40,388,150,-187,191,159,-109,
314,918,-224,325,939,-215,333,941,-215,342,943,-215,309,935,-202,305,935,-202,302,934,-202,365,940,-97,307,930,-32,332,904,-175,313,902,-155,436,852,-3,272,849,32,500,755,-195,221,781,-134,543,848,-444,195,842,-447,564,865,-483,180,862,-508,556,877,-486,190,873,-506,544,868,-452,196,864,-457,394,583,-32,296,589,32,408,398,-72,264,406,6,398,214,3,255,198,47,397,193,-1,270,162,40,385,148,-179,185,144,-107,
312,918,-177,321,939,-168,329,942,-168,337,944,-169,307,935,-154,303,935,-154,300,934,-154,358,941,-64,305,929,7,332,904,-133,312,901,-112,435,852,26,270,848,69,499,755,-144,224,764,-57,542,848,-387,192,841,-337,564,866,-423,181,861,-393,556,878,-432,190,873,-393,545,869,-398,196,864,-347,394,583,-32,296,589,32,406,396,-68,263,403,-2,398,213,0,252,192,22,397,192,-5,267,154,15,384,147,-178,182,140,-130,
311,919,-199,319,941,-191,326,943,-191,333,945,-191,304,936,-177,300,936,-177,296,935,-178,352,942,-81,299,930,-13,329,905,-153,310,902,-133,429,852,11,265,848,56,495,755,-157,224,760,-87,540,844,-388,188,840,-385,562,862,-422,180,860,-442,556,874,-431,189,872,-441,544,865,-399,194,864,-395,389,583,-33,291,589,33,405,394,-70,262,402,0,398,213,-7,251,190,28,397,192,-12,265,153,21,383,147,-186,182,138,-125,
306,920,-204,314,942,-197,321,944,-197,328,946,-197,299,937,-183,295,936,-183,291,935,-183,348,943,-87,295,931,-18,324,906,-158,306,903,-138,424,853,3,261,849,53,483,756,-171,221,758,-81,514,845,-405,186,840,-368,530,862,-441,178,859,-424,528,874,-444,187,871,-424,511,865,-413,191,863,-378,385,583,-33,285,588,33,402,391,-55,255,399,-2,397,213,7,249,189,31,397,190,2,265,152,24,383,147,-161,181,133,-123,
300,922,-212,308,944,-204,315,946,-204,323,948,-204,294,938,-188,290,937,-188,286,936,-189,345,945,-90,291,931,-19,318,908,-166,301,905,-145,421,853,-8,258,850,55,473,756,-210,221,755,-81,511,846,-436,184,839,-374,521,866,-461,175,859,-430,518,878,-454,184,871,-428,501,866,-439,188,863,-383,379,583,-36,281,588,36,397,391,-59,251,397,0,397,212,3,249,189,35,397,190,0,267,153,27,383,147,-177,179,132,-125,
297,925,-251,305,946,-247,312,948,-247,319,950,-247,291,942,-230,287,941,-230,283,940,-230,341,946,-142,289,934,-60,314,911,-206,298,909,-183,417,854,-53,254,850,30,477,758,-254,219,753,-86,497,846,-487,179,839,-410,498,866,-521,168,857,-464,494,877,-508,178,870,-462,475,866,-487,183,863,-420,371,583,-37,274,588,37,391,390,-48,248,396,0,396,213,41,247,186,40,396,190,39,267,152,33,382,147,-132,181,130,-118,
293,927,-286,301,948,-279,307,950,-279,315,952,-280,287,944,-264,283,944,-264,280,943,-264,334,948,-160,286,937,-87,311,914,-236,294,912,-215,410,855,-52,250,852,16,478,758,-244,217,753,-114,502,851,-435,177,839,-471,514,872,-470,167,858,-529,509,884,-465,176,870,-534,493,875,-436,181,863,-484,365,583,-35,268,587,36,384,391,-29,245,395,-2,395,221,88,245,188,42,396,197,88,265,154,36,382,150,-82,182,130,-120,
290,929,-309,298,950,-301,305,952,-301,312,953,-301,283,946,-287,279,945,-287,275,945,-287,332,949,-172,281,938,-101,307,915,-253,290,914,-233,404,857,-63,243,855,13,474,761,-238,191,771,-158,505,854,-439,168,843,-536,520,875,-476,161,863,-599,514,886,-472,170,872,-603,500,878,-441,175,864,-551,358,584,-41,263,588,41,381,393,-32,242,394,4,395,226,73,245,189,63,398,203,72,267,156,56,380,154,-106,177,132,-118,
283,931,-289,291,952,-281,298,953,-281,305,955,-281,277,948,-267,273,947,-267,270,947,-267,327,951,-160,277,941,-89,298,917,-236,283,916,-217,400,858,-59,238,857,11,471,763,-233,168,784,-173,502,858,-408,163,851,-511,520,878,-441,161,872,-570,513,889,-435,172,878,-568,500,881,-409,174,868,-521,352,586,-42,257,588,43,377,394,-53,241,394,15,396,228,38,245,187,63,403,204,35,266,153,57,377,154,-137,176,133,-110,
278,936,-283,287,957,-280,293,959,-280,300,961,-280,273,953,-263,270,953,-263,267,952,-263,324,956,-153,275,945,-85,294,922,-233,279,920,-215,399,860,-55,235,857,11,470,763,-219,183,774,-149,497,858,-394,160,849,-471,512,879,-424,158,870,-526,503,891,-418,168,878,-522,492,883,-395,170,869,-481,352,586,-43,255,587,43,371,400,-43,240,394,0,395,232,63,246,187,53,403,210,62,267,152,48,376,155,-94,178,133,-105,
278,938,-278,287,959,-272,293,960,-272,300,962,-272,273,955,-256,269,954,-256,266,953,-256,321,958,-150,273,946,-83,294,923,-228,278,921,-209,397,863,-55,230,858,12,465,763,-216,189,773,-155,491,859,-369,148,848,-481,506,880,-391,144,869,-533,496,891,-386,151,878,-532,483,883,-369,152,869,-494,350,586,-41,252,587,41,366,399,-37,238,390,12,393,231,58,247,188,66,400,211,57,267,152,61,376,155,-103,180,132,-76,
279,941,-220,286,963,-212,292,965,-212,300,967,-212,272,958,-204,267,957,-204,263,955,-204,318,962,-103,266,948,-62,296,927,-174,278,924,-163,393,867,-18,225,858,13,463,766,-153,191,772,-139,487,860,-297,153,849,-419,497,881,-315,147,877,-462,485,892,-308,154,886,-462,474,883,-296,158,873,-430,351,588,-27,251,588,27,364,400,-5,238,391,1,388,234,77,246,187,31,387,214,75,266,153,23,377,156,-59,181,129,-109,
274,941,-224,281,963,-217,287,965,-217,294,967,-217,267,959,-207,263,957,-207,259,956,-208,312,962,-104,263,949,-59,289,927,-176,272,924,-163,391,868,-13,221,858,14,459,766,-160,191,769,-138,487,861,-325,141,846,-432,501,881,-347,128,870,-475,490,893,-342,133,880,-483,478,884,-326,142,867,-445,353,589,-17,251,589,18,362,404,20,236,391,-15,383,237,128,246,187,20,376,214,128,266,153,13,379,162,-11,181,129,-130,
